laura 325 333 222
laura 325 333 222
laura 325 333 222
laura 325 333 222
laura 325 333 222
laura 325 333 222
laura 325 333 222
laura 325 333 222
laura 325 333 222
laura 325 333 222
laura 325 333 222
laura 325 333 222
laura 325 333 222
laura 325 333 222
laura 325 333 222
laura 325 333 222
laura 325 333 222
laura 325 333 222
laura 325 333 222
laura 325 333 222
laura 325 333 222
laura 325 333 222
laura 325 333 222
laura 325 333 222
laura 325 333 222
laura 325 333 222
laura 325 333 222
laura 325 333 222
laura 325 333 222
laura 325 333 222
laura 325 333 222
laura 325 333 222
laura 325 333 222
laura 325 333 222
laura 325 333 222
laura 325 333 222
laura 325 333 222
laura 325 333 222
laura 325 333 222
laura 325 333 222
laura 325 333 222
laura 325 333 222
laura 325 333 222
laura 325 333 222
laura 325 333 222
laura 325 333 222
laura 325 333 222
laura 325 333 222
laura 325 333 222
laura 325 333 222
